  -2.0000000000000000     
  -1.9921722113502935     
  -1.9843444227005871     
  -1.9765166340508806     
  -1.9686888454011742     
  -1.9608610567514677     
  -1.9530332681017613     
  -1.9452054794520548     
  -1.9373776908023483     
  -1.9295499021526419     
  -1.9217221135029354     
  -1.9138943248532290     
  -1.9060665362035225     
  -1.8982387475538161     
  -1.8904109589041096     
  -1.8825831702544031     
  -1.8747553816046967     
  -1.8669275929549902     
  -1.8590998043052838     
  -1.8512720156555773     
  -1.8434442270058709     
  -1.8356164383561644     
  -1.8277886497064579     
  -1.8199608610567515     
  -1.8121330724070450     
  -1.8043052837573386     
  -1.7964774951076321     
  -1.7886497064579256     
  -1.7808219178082192     
  -1.7729941291585127     
  -1.7651663405088063     
  -1.7573385518590998     
  -1.7495107632093934     
  -1.7416829745596869     
  -1.7338551859099804     
  -1.7260273972602740     
  -1.7181996086105675     
  -1.7103718199608611     
  -1.7025440313111546     
  -1.6947162426614482     
  -1.6868884540117417     
  -1.6790606653620352     
  -1.6712328767123288     
  -1.6634050880626223     
  -1.6555772994129159     
  -1.6477495107632094     
  -1.6399217221135030     
  -1.6320939334637965     
  -1.6242661448140900     
  -1.6164383561643836     
  -1.6086105675146771     
  -1.6007827788649707     
  -1.5929549902152642     
  -1.5851272015655578     
  -1.5772994129158513     
  -1.5694716242661448     
  -1.5616438356164384     
  -1.5538160469667319     
  -1.5459882583170255     
  -1.5381604696673190     
  -1.5303326810176126     
  -1.5225048923679061     
  -1.5146771037181996     
  -1.5068493150684932     
  -1.4990215264187867     
  -1.4911937377690803     
  -1.4833659491193738     
  -1.4755381604696673     
  -1.4677103718199609     
  -1.4598825831702544     
  -1.4520547945205480     
  -1.4442270058708415     
  -1.4363992172211351     
  -1.4285714285714286     
  -1.4207436399217221     
  -1.4129158512720157     
  -1.4050880626223092     
  -1.3972602739726028     
  -1.3894324853228963     
  -1.3816046966731899     
  -1.3737769080234834     
  -1.3659491193737769     
  -1.3581213307240705     
  -1.3502935420743640     
  -1.3424657534246576     
  -1.3346379647749511     
  -1.3268101761252447     
  -1.3189823874755382     
  -1.3111545988258317     
  -1.3033268101761253     
  -1.2954990215264188     
  -1.2876712328767124     
  -1.2798434442270059     
  -1.2720156555772995     
  -1.2641878669275930     
  -1.2563600782778865     
  -1.2485322896281801     
  -1.2407045009784736     
  -1.2328767123287672     
  -1.2250489236790607     
  -1.2172211350293543     
  -1.2093933463796478     
  -1.2015655577299413     
  -1.1937377690802349     
  -1.1859099804305284     
  -1.1780821917808220     
  -1.1702544031311155     
  -1.1624266144814090     
  -1.1545988258317026     
  -1.1467710371819961     
  -1.1389432485322897     
  -1.1311154598825832     
  -1.1232876712328768     
  -1.1154598825831703     
  -1.1076320939334638     
  -1.0998043052837574     
  -1.0919765166340509     
  -1.0841487279843445     
  -1.0763209393346380     
  -1.0684931506849316     
  -1.0606653620352251     
  -1.0528375733855186     
  -1.0450097847358122     
  -1.0371819960861057     
  -1.0293542074363993     
  -1.0215264187866928     
  -1.0136986301369864     
  -1.0058708414872799     
 -0.99804305283757344     
 -0.99021526418786698     
 -0.98238747553816053     
 -0.97455968688845407     
 -0.96673189823874761     
 -0.95890410958904115     
 -0.95107632093933470     
 -0.94324853228962824     
 -0.93542074363992178     
 -0.92759295499021532     
 -0.91976516634050887     
 -0.91193737769080241     
 -0.90410958904109595     
 -0.89628180039138949     
 -0.88845401174168304     
 -0.88062622309197658     
 -0.87279843444227012     
 -0.86497064579256366     
 -0.85714285714285721     
 -0.84931506849315075     
 -0.84148727984344429     
 -0.83365949119373783     
 -0.82583170254403138     
 -0.81800391389432492     
 -0.81017612524461846     
 -0.80234833659491200     
 -0.79452054794520555     
 -0.78669275929549909     
 -0.77886497064579263     
 -0.77103718199608617     
 -0.76320939334637972     
 -0.75538160469667326     
 -0.74755381604696680     
 -0.73972602739726034     
 -0.73189823874755389     
 -0.72407045009784743     
 -0.71624266144814097     
 -0.70841487279843451     
 -0.70058708414872806     
 -0.69275929549902160     
 -0.68493150684931514     
 -0.67710371819960868     
 -0.66927592954990223     
 -0.66144814090019577     
 -0.65362035225048931     
 -0.64579256360078285     
 -0.63796477495107640     
 -0.63013698630136994     
 -0.62230919765166348     
 -0.61448140900195702     
 -0.60665362035225057     
 -0.59882583170254411     
 -0.59099804305283765     
 -0.58317025440313119     
 -0.57534246575342474     
 -0.56751467710371828     
 -0.55968688845401182     
 -0.55185909980430536     
 -0.54403131115459891     
 -0.53620352250489245     
 -0.52837573385518599     
 -0.52054794520547953     
 -0.51272015655577308     
 -0.50489236790606662     
 -0.49706457925636016     
 -0.48923679060665370     
 -0.48140900195694725     
 -0.47358121330724079     
 -0.46575342465753433     
 -0.45792563600782787     
 -0.45009784735812142     
 -0.44227005870841496     
 -0.43444227005870850     
 -0.42661448140900204     
 -0.41878669275929559     
 -0.41095890410958913     
 -0.40313111545988267     
 -0.39530332681017621     
 -0.38747553816046976     
 -0.37964774951076330     
 -0.37181996086105684     
 -0.36399217221135038     
 -0.35616438356164393     
 -0.34833659491193747     
 -0.34050880626223101     
 -0.33268101761252455     
 -0.32485322896281810     
 -0.31702544031311164     
 -0.30919765166340518     
 -0.30136986301369872     
 -0.29354207436399227     
 -0.28571428571428581     
 -0.27788649706457935     
 -0.27005870841487289     
 -0.26223091976516644     
 -0.25440313111545998     
 -0.24657534246575352     
 -0.23874755381604706     
 -0.23091976516634061     
 -0.22309197651663415     
 -0.21526418786692769     
 -0.20743639921722123     
 -0.19960861056751478     
 -0.19178082191780832     
 -0.18395303326810186     
 -0.17612524461839540     
 -0.16829745596868895     
 -0.16046966731898249     
 -0.15264187866927603     
 -0.14481409001956957     
 -0.13698630136986312     
 -0.12915851272015666     
 -0.12133072407045020     
 -0.11350293542074374     
 -0.10567514677103729     
  -9.7847358121330830E-002
  -9.0019569471624372E-002
  -8.2191780821917915E-002
  -7.4363992172211457E-002
  -6.6536203522505000E-002
  -5.8708414872798542E-002
  -5.0880626223092085E-002
  -4.3052837573385627E-002
  -3.5225048923679170E-002
  -2.7397260273972712E-002
  -1.9569471624266255E-002
  -1.1741682974559797E-002
  -3.9138943248533398E-003
   3.9138943248531177E-003
   1.1741682974559353E-002
   1.9569471624266033E-002
   2.7397260273972712E-002
   3.5225048923678948E-002
   4.3052837573385183E-002
   5.0880626223091863E-002
   5.8708414872798542E-002
   6.6536203522504778E-002
   7.4363992172211013E-002
   8.2191780821917693E-002
   9.0019569471624372E-002
   9.7847358121330608E-002
  0.10567514677103684     
  0.11350293542074352     
  0.12133072407045020     
  0.12915851272015644     
  0.13698630136986267     
  0.14481409001956935     
  0.15264187866927603     
  0.16046966731898227     
  0.16829745596868850     
  0.17612524461839518     
  0.18395303326810186     
  0.19178082191780810     
  0.19960861056751433     
  0.20743639921722101     
  0.21526418786692769     
  0.22309197651663393     
  0.23091976516634016     
  0.23874755381604684     
  0.24657534246575352     
  0.25440313111545976     
  0.26223091976516599     
  0.27005870841487267     
  0.27788649706457935     
  0.28571428571428559     
  0.29354207436399182     
  0.30136986301369850     
  0.30919765166340518     
  0.31702544031311142     
  0.32485322896281765     
  0.33268101761252433     
  0.34050880626223101     
  0.34833659491193725     
  0.35616438356164348     
  0.36399217221135016     
  0.37181996086105684     
  0.37964774951076308     
  0.38747553816046931     
  0.39530332681017599     
  0.40313111545988267     
  0.41095890410958891     
  0.41878669275929514     
  0.42661448140900182     
  0.43444227005870850     
  0.44227005870841474     
  0.45009784735812097     
  0.45792563600782765     
  0.46575342465753433     
  0.47358121330724057     
  0.48140900195694680     
  0.48923679060665348     
  0.49706457925636016     
  0.50489236790606640     
  0.51272015655577263     
  0.52054794520547931     
  0.52837573385518599     
  0.53620352250489223     
  0.54403131115459846     
  0.55185909980430514     
  0.55968688845401182     
  0.56751467710371806     
  0.57534246575342429     
  0.58317025440313097     
  0.59099804305283765     
  0.59882583170254389     
  0.60665362035225012     
  0.61448140900195680     
  0.62230919765166348     
  0.63013698630136972     
  0.63796477495107595     
  0.64579256360078263     
  0.65362035225048931     
  0.66144814090019555     
  0.66927592954990178     
  0.67710371819960846     
  0.68493150684931514     
  0.69275929549902138     
  0.70058708414872761     
  0.70841487279843429     
  0.71624266144814097     
  0.72407045009784721     
  0.73189823874755344     
  0.73972602739726012     
  0.74755381604696680     
  0.75538160469667304     
  0.76320939334637927     
  0.77103718199608595     
  0.77886497064579263     
  0.78669275929549887     
  0.79452054794520510     
  0.80234833659491178     
  0.81017612524461846     
  0.81800391389432470     
  0.82583170254403093     
  0.83365949119373761     
  0.84148727984344429     
  0.84931506849315053     
  0.85714285714285676     
  0.86497064579256344     
  0.87279843444227012     
  0.88062622309197636     
  0.88845401174168259     
  0.89628180039138927     
  0.90410958904109595     
  0.91193737769080219     
  0.91976516634050842     
  0.92759295499021510     
  0.93542074363992178     
  0.94324853228962802     
  0.95107632093933425     
  0.95890410958904093     
  0.96673189823874761     
  0.97455968688845385     
  0.98238747553816008     
  0.99021526418786676     
  0.99804305283757344     
   1.0058708414872797     
   1.0136986301369859     
   1.0215264187866926     
   1.0293542074363993     
   1.0371819960861055     
   1.0450097847358117     
   1.0528375733855184     
   1.0606653620352251     
   1.0684931506849313     
   1.0763209393346376     
   1.0841487279843443     
   1.0919765166340509     
   1.0998043052837572     
   1.1076320939334634     
   1.1154598825831701     
   1.1232876712328768     
   1.1311154598825830     
   1.1389432485322892     
   1.1467710371819959     
   1.1545988258317026     
   1.1624266144814088     
   1.1702544031311151     
   1.1780821917808217     
   1.1859099804305284     
   1.1937377690802347     
   1.2015655577299409     
   1.2093933463796476     
   1.2172211350293543     
   1.2250489236790605     
   1.2328767123287667     
   1.2407045009784734     
   1.2485322896281801     
   1.2563600782778863     
   1.2641878669275926     
   1.2720156555772992     
   1.2798434442270059     
   1.2876712328767121     
   1.2954990215264184     
   1.3033268101761251     
   1.3111545988258317     
   1.3189823874755380     
   1.3268101761252442     
   1.3346379647749509     
   1.3424657534246576     
   1.3502935420743638     
   1.3581213307240700     
   1.3659491193737767     
   1.3737769080234834     
   1.3816046966731896     
   1.3894324853228959     
   1.3972602739726026     
   1.4050880626223092     
   1.4129158512720155     
   1.4207436399217217     
   1.4285714285714284     
   1.4363992172211351     
   1.4442270058708413     
   1.4520547945205475     
   1.4598825831702542     
   1.4677103718199609     
   1.4755381604696671     
   1.4833659491193734     
   1.4911937377690800     
   1.4990215264187867     
   1.5068493150684930     
   1.5146771037181992     
   1.5225048923679059     
   1.5303326810176126     
   1.5381604696673188     
   1.5459882583170250     
   1.5538160469667317     
   1.5616438356164384     
   1.5694716242661446     
   1.5772994129158509     
   1.5851272015655575     
   1.5929549902152642     
   1.6007827788649704     
   1.6086105675146767     
   1.6164383561643834     
   1.6242661448140900     
   1.6320939334637963     
   1.6399217221135025     
   1.6477495107632092     
   1.6555772994129159     
   1.6634050880626221     
   1.6712328767123283     
   1.6790606653620350     
   1.6868884540117417     
   1.6947162426614479     
   1.7025440313111542     
   1.7103718199608609     
   1.7181996086105675     
   1.7260273972602738     
   1.7338551859099800     
   1.7416829745596867     
   1.7495107632093934     
   1.7573385518590996     
   1.7651663405088058     
   1.7729941291585125     
   1.7808219178082192     
   1.7886497064579254     
   1.7964774951076317     
   1.8043052837573383     
   1.8121330724070450     
   1.8199608610567513     
   1.8277886497064575     
   1.8356164383561642     
   1.8434442270058709     
   1.8512720156555771     
   1.8590998043052833     
   1.8669275929549900     
   1.8747553816046967     
   1.8825831702544029     
   1.8904109589041092     
   1.8982387475538158     
   1.9060665362035225     
   1.9138943248532287     
   1.9217221135029350     
   1.9295499021526417     
   1.9373776908023483     
   1.9452054794520546     
   1.9530332681017608     
   1.9608610567514675     
   1.9686888454011742     
   1.9765166340508804     
   1.9843444227005866     
   1.9921722113502933     
   2.0000000000000000     
