   0.0000000000000000     
   7.8431372549019607E-003
   1.5686274509803921E-002
   2.3529411764705882E-002
   3.1372549019607843E-002
   3.9215686274509803E-002
   4.7058823529411764E-002
   5.4901960784313725E-002
   6.2745098039215685E-002
   7.0588235294117646E-002
   7.8431372549019607E-002
   8.6274509803921567E-002
   9.4117647058823528E-002
  0.10196078431372549     
  0.10980392156862745     
  0.11764705882352941     
  0.12549019607843137     
  0.13333333333333333     
  0.14117647058823529     
  0.14901960784313725     
  0.15686274509803921     
  0.16470588235294117     
  0.17254901960784313     
  0.18039215686274510     
  0.18823529411764706     
  0.19607843137254902     
  0.20392156862745098     
  0.21176470588235294     
  0.21960784313725490     
  0.22745098039215686     
  0.23529411764705882     
  0.24313725490196078     
  0.25098039215686274     
  0.25882352941176467     
  0.26666666666666666     
  0.27450980392156865     
  0.28235294117647058     
  0.29019607843137252     
  0.29803921568627451     
  0.30588235294117649     
  0.31372549019607843     
  0.32156862745098036     
  0.32941176470588235     
  0.33725490196078434     
  0.34509803921568627     
  0.35294117647058820     
  0.36078431372549019     
  0.36862745098039218     
  0.37647058823529411     
  0.38431372549019605     
  0.39215686274509803     
  0.40000000000000002     
  0.40784313725490196     
  0.41568627450980389     
  0.42352941176470588     
  0.43137254901960786     
  0.43921568627450980     
  0.44705882352941173     
  0.45490196078431372     
  0.46274509803921571     
  0.47058823529411764     
  0.47843137254901957     
  0.48627450980392156     
  0.49411764705882355     
  0.50196078431372548     
  0.50980392156862742     
  0.51764705882352935     
  0.52549019607843139     
  0.53333333333333333     
  0.54117647058823526     
  0.54901960784313730     
  0.55686274509803924     
  0.56470588235294117     
  0.57254901960784310     
  0.58039215686274503     
  0.58823529411764708     
  0.59607843137254901     
  0.60392156862745094     
  0.61176470588235299     
  0.61960784313725492     
  0.62745098039215685     
  0.63529411764705879     
  0.64313725490196072     
  0.65098039215686276     
  0.65882352941176470     
  0.66666666666666663     
  0.67450980392156867     
  0.68235294117647061     
  0.69019607843137254     
  0.69803921568627447     
  0.70588235294117641     
  0.71372549019607845     
  0.72156862745098038     
  0.72941176470588232     
  0.73725490196078436     
  0.74509803921568629     
  0.75294117647058822     
  0.76078431372549016     
  0.76862745098039209     
  0.77647058823529413     
  0.78431372549019607     
  0.79215686274509800     
  0.80000000000000004     
  0.80784313725490198     
  0.81568627450980391     
  0.82352941176470584     
  0.83137254901960778     
  0.83921568627450982     
  0.84705882352941175     
  0.85490196078431369     
  0.86274509803921573     
  0.87058823529411766     
  0.87843137254901960     
  0.88627450980392153     
  0.89411764705882346     
  0.90196078431372551     
  0.90980392156862744     
  0.91764705882352937     
  0.92549019607843142     
  0.93333333333333335     
  0.94117647058823528     
  0.94901960784313721     
  0.95686274509803915     
  0.96470588235294119     
  0.97254901960784312     
  0.98039215686274506     
  0.98823529411764710     
  0.99607843137254903     
   1.0039215686274510     
   1.0117647058823529     
   1.0196078431372548     
   1.0274509803921568     
   1.0352941176470587     
   1.0431372549019609     
   1.0509803921568628     
   1.0588235294117647     
   1.0666666666666667     
   1.0745098039215686     
   1.0823529411764705     
   1.0901960784313725     
   1.0980392156862746     
   1.1058823529411765     
   1.1137254901960785     
   1.1215686274509804     
   1.1294117647058823     
   1.1372549019607843     
   1.1450980392156862     
   1.1529411764705881     
   1.1607843137254901     
   1.1686274509803922     
   1.1764705882352942     
   1.1843137254901961     
   1.1921568627450980     
   1.2000000000000000     
   1.2078431372549019     
   1.2156862745098038     
   1.2235294117647060     
   1.2313725490196079     
   1.2392156862745098     
   1.2470588235294118     
   1.2549019607843137     
   1.2627450980392156     
   1.2705882352941176     
   1.2784313725490195     
   1.2862745098039214     
   1.2941176470588236     
   1.3019607843137255     
   1.3098039215686275     
   1.3176470588235294     
   1.3254901960784313     
   1.3333333333333333     
   1.3411764705882352     
   1.3490196078431373     
   1.3568627450980393     
   1.3647058823529412     
   1.3725490196078431     
   1.3803921568627451     
   1.3882352941176470     
   1.3960784313725489     
   1.4039215686274509     
   1.4117647058823528     
   1.4196078431372550     
   1.4274509803921569     
   1.4352941176470588     
   1.4431372549019608     
   1.4509803921568627     
   1.4588235294117646     
   1.4666666666666666     
   1.4745098039215687     
   1.4823529411764707     
   1.4901960784313726     
   1.4980392156862745     
   1.5058823529411764     
   1.5137254901960784     
   1.5215686274509803     
   1.5294117647058822     
   1.5372549019607842     
   1.5450980392156863     
   1.5529411764705883     
   1.5607843137254902     
   1.5686274509803921     
   1.5764705882352941     
   1.5843137254901960     
   1.5921568627450979     
   1.6000000000000001     
   1.6078431372549020     
   1.6156862745098040     
   1.6235294117647059     
   1.6313725490196078     
   1.6392156862745098     
   1.6470588235294117     
   1.6549019607843136     
   1.6627450980392156     
   1.6705882352941177     
   1.6784313725490196     
   1.6862745098039216     
   1.6941176470588235     
   1.7019607843137254     
   1.7098039215686274     
   1.7176470588235293     
   1.7254901960784315     
   1.7333333333333334     
   1.7411764705882353     
   1.7490196078431373     
   1.7568627450980392     
   1.7647058823529411     
   1.7725490196078431     
   1.7803921568627450     
   1.7882352941176469     
   1.7960784313725491     
   1.8039215686274510     
   1.8117647058823529     
   1.8196078431372549     
   1.8274509803921568     
   1.8352941176470587     
   1.8431372549019607     
   1.8509803921568628     
   1.8588235294117648     
   1.8666666666666667     
   1.8745098039215686     
   1.8823529411764706     
   1.8901960784313725     
   1.8980392156862744     
   1.9058823529411764     
   1.9137254901960783     
   1.9215686274509804     
   1.9294117647058824     
   1.9372549019607843     
   1.9450980392156862     
   1.9529411764705882     
   1.9607843137254901     
   1.9686274509803920     
   1.9764705882352942     
   1.9843137254901961     
   1.9921568627450981     
   2.0000000000000000     
